256 -5 -19 -18 4 -9 3 10 9 17 -19 -10 -17 12 -18 -15 13 -13 -1 6 -19 0 6 4 13 16 14 5 20 14 -10 8 -9 15 -3 -18 0 -17 -6 -1 -17 4 -19 -7 -14 15 9 -4 -10 -16 16 -12 17 -5 14 -18 12 18 -2 -16 10 14 -17 -7 -7 10 20 -19 0 5 4 0 -11 0 17 13 -14 16 -20 0 -6 -10 10 10 -6 9 -11 4 0 -20 17 13 20 -11 17 -4 -19 -10 13 -9 -16 0 -9 -6 19 11 12 18 -12 -19 14 -17 9 10 9 -12 5 -14 -10 -4 1 8 -17 -18 6 18 7 0 -10 14 13 4 -11 7 14 -18 6 10 -4 -5 -6 -11 -17 -16 8 5 0 16 -16 -5 6 14 15 -2 -2 -13 20 -16 10 -9 15 17 16 0 -4 -3 -20 1 5 17 2 -19 0 -3 -3 14 -6 4 -11 9 9 18 -8 -2 -14 0 16 3 -20 -5 0 9 -16 20 -9 0 -7 16 -16 0 -19 -1 -4 12 -12 -3 16 5 13 -18 -10 12 -3 0 10 -14 -18 8 10 -5 -13 11 -11 20 -19 9 10 16 -17 0 0 11 12 3 16 16 -11 -9 14 4 -20 1 18 18 11 10 -15 -15 -2 -3 20 12 -9 -16 -14 -3 -9 1 
200
-2
4
-3
4
-6
-1
1
8
-3
-2
-9
6
2
-2
7
-9
7
1
-10
9
0
-6
-8
-7
-6
-10
10
-10
0
10
1
7
-2
4
-3
-8
-4
3
-4
-4
3
-5
3
8
-6
-5
5
6
9
6
8
7
-4
-2
-10
-8
-10
-10
-4
0
-10
-6
6
-1
6
-3
6
-10
0
4
-2
5
-2
-3
10
1
-3
1
-10
-7
2
8
-2
10
-10
-1
-6
-9
5
-7
7
8
-4
-10
5
7
0
-4
7
-1
-6
10
9
-8
1
-2
-4
10
8
3
-10
6
-2
3
2
-6
5
-9
-3
4
3
2
-4
3
6
0
2
6
-9
-3
-9
7
-4
3
2
0
-6
0
10
4
9
-5
-2
7
-6
2
0
6
8
4
-6
-8
6
0
-6
-7
1
9
-2
-2
10
10
9
4
-6
-7
-3
0
-7
4
-1
10
-4
2
1
5
10
6
-2
-5
9
0
7
0
-9
4
1
2
-5
-3
-6
-9
5
-8
10
4
-10
0
-8
-4
