400 -15 5 -15 -20 -14 0 1 -2 -8 10 -6 -7 12 3 5 -12 20 -4 3 17 -10 0 -20 16 14 -14 -4 -14 17 2 11 15 -4 5 -19 13 0 10 -6 11 -7 -1 -5 10 -9 14 -5 -16 -15 1 8 -4 8 0 8 3 18 18 8 13 8 15 -11 -17 -3 -4 4 18 -17 -16 7 -5 -15 0 5 12 5 -6 18 -2 4 -8 10 3 -12 -12 0 2 2 12 5 20 12 -16 -6 3 -3 -2 16 -1 10 -11 -13 -11 3 -10 16 2 18 9 5 12 -11 18 11 6 -2 18 -16 0 -15 -16 6 13 18 -17 -14 18 -19 -18 -12 -5 19 -12 -7 13 -11 18 11 13 19 3 -16 -10 -4 7 -4 1 4 6 -13 8 14 -12 -2 2 -3 -9 -1 -10 -3 -10 -17 16 1 8 13 16 -1 -3 16 10 -3 -18 4 10 -11 11 19 -9 -10 -10 20 9 -13 -1 -11 -9 10 0 19 -19 12 -4 17 11 13 20 -15 16 -20 -11 11 -20 17 -18 0 2 8 0 9 16 11 -19 19 -19 18 -2 -19 15 6 -10 15 -13 -8 -14 -16 6 14 -15 18 19 -8 -11 6 -15 14 20 -17 20 5 -5 -8 0 -19 13 13 15 -2 -11 8 -14 -14 14 -6 -3 5 12 2 15 7 -16 5 2 13 -18 16 13 2 18 -14 0 9 -18 1 12 20 2 2 -15 3 8 -8 17 20 4 2 13 10 16 -10 3 10 -1 12 11 -12 8 9 -17 -6 -11 17 -17 13 3 -13 -9 -16 7 16 17 0 19 -20 -11 0 -5 15 20 -12 9 5 -1 -8 8 19 -15 -17 -13 0 14 19 10 14 0 5 5 9 4 8 -18 -16 10 10 -16 7 -17 -20 10 2 -7 18 3 9 12 12 -15 -14 -10 -9 0 10 5 -10 -7 -11 -5 20 5 16 -20 -15 7 5 -11 -3 -13 12 13 -16 -20 -12 -20 -20 -10 -9 0 -5 -5 0 -11 10 6 1 12 13 -4 10 7 -2 
200
-1
-3
5
-6
8
-9
-4
10
7
0
-7
0
6
1
5
-8
-2
3
-1
9
7
6
8
-4
-6
-3
1
0
2
-6
-7
-2
5
1
-5
4
-4
-5
-4
10
-9
-3
6
4
-9
6
3
0
10
-4
7
2
-1
2
0
2
-8
6
10
9
-3
1
-1
1
1
-10
-9
8
0
5
-6
4
5
2
0
5
-2
0
-3
0
-8
-9
7
-4
10
-10
-9
0
-4
-9
-4
-3
-4
-3
-5
1
0
-6
0
5
-4
-2
9
-7
-3
3
10
-1
7
-3
4
8
-7
-9
0
-6
9
-8
5
10
0
0
-3
5
-2
8
-2
5
5
9
6
8
0
6
-10
0
1
4
-1
-9
4
-4
8
9
5
6
8
-10
-9
-3
4
-10
-3
-2
-4
10
5
0
10
-9
4
-8
4
3
-9
-4
-5
-8
2
0
-1
-10
-3
5
-8
8
1
-6
5
-7
8
0
-9
2
10
-4
-6
3
2
-4
2
-3
1
-8
-9
-6
-6
-3
6
-9
